1818 1 mm ΑΙΙ1111811 111111

111111111111111111111 1111111111 1111111111 11 111» Α 11111 11101111 1111 1111111 11111111, 1111111111νά1
111111, 111 1111 111111111111111111 11 1111111111. ’ 111111, 1111111111 Neam. 8111111111, 11 111111111-
(111111111111 1111111111111,’11111 111111111111 111111. .
111 11111111 111 1111111111 11111 11111 11111111 11. 11 1111111111 1111111111 11111111 11111111,
111111111111,11ιι1 1111111111111111111111111 1111111 111111111111111111111111111111111111 1111111 vidua
1111111111 1111111111. 11111111 11111 111111 111111 lamentatione 1111111111, 111111111111 11111111
11111, 1111111111 11111 11111.11,111111’1111111 po· 11111111111111.111 110111 &imm witmau 1111111
tentiam 1111111111, 11 1111111111111111111.1111111111 1111111111 1111111111 omnium 111111 111111111111
pergen, 111 111 111111 11111 1111111111· magu 11111111 ι11111 111111 1111111111 11111 1111111,1111111111
· 111111111111111111111111,11 11111111111 eontu- 111111111111111,11111111111111111111 11111111·
111111 1111111 11111ιὶ11111 1111111111 1111111111 111111111111111111111111111111111 1111111111 11
ο1111111111,11111111111111,11111111111111111111. quoa 111111 11111111 11111111 1111111111111111
81. 111 1111111111 1111111111111 1111 1111111111. 1111111, nque 1 1111111111 11111111 1111111 1111111
1111111 111111 11 1111 populo 11111111 1111111111111 11 111111 11111111111111111111111111ς 11111 11111
' 1111 1111111111111111111111111 111111111111111, ,111111111111111111111111111111111111
· 111111111111111111111111,1111111111 111111, 111 91011111111111111111 11111111, 111111111111 ·
1111111 1111111,1111111111111111111111111111. 1111111111 1111111111 11111111111111111111111
1111111 111111111111111111111111111111111111 sm 1111111111 11111111ς1111111111111 in tigno.

111111111111111111111ι1ς 11 1111111111 111 1111111 Quod 1111 111111 11111111 11111111111111 111111· ·

11111111 1111111111 11111111,11111111111 1111111 111111111111111111,11111111111111 11111111; 11
1111111111. 11111 1111111111. 11111 1111111 11111111 populo 111 111111 1111111111

118. 11111111 111111, quom 1111111111 11111111 111111111111. Auito 1111111111 verbo, suetorum -
111111111,11111111111 1111111111 1111111 1111111111 111111 11111111111111111111111,111 111111 1111111111
137011111111111111111111111 11 11111 11111- 11111Ιί 1111111111 1111111111 11111111. Quid 11111
1111, 11111111 11111111, 1111 111, 111 1111111111, 111 11111,111111111111111111111111111, 1111 111, 11111·

ᾗ 111111111111111111111111111(1111111111111111 11111111111111111111111111111111111111,1111 111

1111111111 1111111111 1111111111111111, 1111111 11111 1111111111 1111111111111111111,111 11111111
11111111111111 1111111111 111 1111 penatum-m 11111111111111, 11111111 1111111 11111111 1111111-
1111111111.111111ζ111111111111 1111111111 1111111- 111111111111111111111111111,111 11111111 111111
111 11111111 1111111111, 1111111 11 111111 1111111111- 11111111 11111, 11111 11111 111111 11111111 11111 111
111111111111111,-11111 111111. 811 1111 11111 111110 11111 111111 1111111 1111111111.
11111111111111 11 1111111111 11111111 1111111111 11811 11111111111111111111111111 11111111·
, (111. 1111. 1111, 11). ideoque 1111111111 1111111111 1111 1111111111, 11 1111111 11111111 1111111 1111111
111111111111111111111111. 111111111111 11111 111111 111 jan 11111111
11. (vers. 8.) 1111111111 1111111111111 11111 18771111111111111111,11111111,1111111111111
1111111111 111111 11111111,111111111111111111111 1111111. mmmmm, 01111111 1111111011·
111111111111111111111111111111 11111 1111111111 1111 11111111111111, 1111 11111 1111111 11111111
1111111111 111111, 11111 111111 111111 1111111111, 11 11118 10111111· 1111 ω1111111111 111111 111111 1·ῑῖ ⁸²· -
111111 videntibus 1111111111. . · 11111111 11111 11111111 ,1111111111111 11),
88. (Vers. 111111111111111 1111111111111 1111- 1111 vem 1101111 mmm· 11) ¹¹⁰ss 11111110 ¹⁶
11111 1111 1111111,1111111 1111111 11111111. 11 11111111111111 1111111111 audin·
11111111 1111111111 11111111111111111111 11111111 1111111 1111.
1111111111111111111,111 111111111111111111111. 11. 1111111111 1111111111 11111111 1111111111·
11111111 111111 11111111 ι1111111111111111111 1111111111111111111111. 11111111·
1111111111 1111 non spondet, 111111111ς numque 111111111111, 1111 11111111111111111111 111 111111

. · 1111111111 1111111111 1111111111, 111111 11111 1111)11111111111111111111111111111111111

111111 11111111, 111111 11111111111111111111, spirituli 111111 1111111, 11111 11111 1111111 1111111111
(11111111.) 0111 111111111111111111 pom 111111 1111111111 111111111111 .· viscera 111111 11
11111111, ecee 1111111111 1111111111 11111 111111 111- 1111111111 1111 ·, 11111 11111 11 1111111111 1111111111

1111 111111 11111111 1111111111111 11111111111111 1111111111111111111111,[11111111111111111 111- ·

⁸ ι111111. 1111.1111,11111111111.·1)1111111 1111111 111111111111111111111, 1111 111111111111111111

φῖηῗῐιιῖηἶζᾝίπᾞιε1. non 1111111, 1111111111 m'mffifflgf&wffl‘d‘ssofflss‘ss,723¹

1111 1111111111 111111111.1111 lamen plures 1111111- ‘¹ 1111111111, si 1111111111 111 qum habemur 1111.

111 nobiseum 11111111. 11111111111111111111 ipsi Ee· 11.11Ρ11111.111.1,11111111111 111111111111111111·

1111111 1111111111 11111111 1111111 resurrectionem 1111 11111111111111111111111111111111111111 13111111 1111111·

1111111111111111111111111111111111. 111111 11111111 1111111111, 11111 111111 1111111 1111111
⁰ 111111. 1111, jam 1111111 mamm: 11111 oom- 1111111 11111111.

-’ 1111111111 11111111111111111111.1111111111 ο1111111.111111111111.111111111111111111,1111111

1111111111,11111111111111111111111 1111111111 1111111111,1111111111111111.· 1111111. 1111111111

’1111111111 1111111111111111111111111111 11111111, 1111 ,Eum

 

