1111 ’ 1110111 11111111 111111111101111111. 111

1111111111 quando 1110111111 11111111 111111111111 11.11-111111111111111511111111111111111111111111118,
111111111111111111111111111111111111, 1111, 16, Quomodo 15. 11 11111 11111111 est 11111111 1111111111 1111111111 pvr 1111111·
11111111, um 1111111111 Qua 111 21012u1u21185, 11. 11111111 11111111, 11111 Ι11111111 culpa, 1111 1111111 1111111111
511111111110111111111111, ,11 11 11111111111111- 1111111111,111,111111111111111111,1111111111111111111,
11111111 591, 1611111 1111111 11 1111111111 11111011111111111 111 1101111111 deute 1111111111 w 1010811105, θῑ 0111011110
3¹³3‹ffitwpgffle'bfflsssffi'gnssmff'um 111111111111111111111111 &aregium mm ⁵133:th Juaenereuffifflpnt, ·
ιιιΙ111111111111111111 1111111’ρ1ο’111111111 11111111111111111111111, 11111111111111111611111111111111111111111811111111111,1111111
11111111’.11111115111111111151111111 1111 1111 1151511111 ’.11115111 θη1111011111
‘pl'gffixzsstqet 1111111ιί tedjfigaetg 11111111 1111111 , 561 , 16, 21. 11111111 1111111 1111111111, 11111111 111111 unwan, 7'12, 19’.
ens 11111111 11111111111111111111 1111111 1111111111111111 11111111111111111111 est regnum, 111111 1111 toto 1111
1111111111111111111,11111611111111,511195111111111111111111, 1111111111, 955, 1611111111111111 plures 1111 quos 1111111
1111111111111111111111 1111111111 111111111111111111111- «were 1, 1111111115 domet 1111111111, quam 1111111
1111111 111111111111,155,50. 11111111111111111 1111111110111 1111111 Ι111111111111111111111111111111,166, 51, ,
111111ἓί111111111111111111111110511111 ..Ἑ1151101511111111111111Μ1111.115 51
1111111,168,10.1111111111111111111111111111111,1 ³24. 1116111111,1111111111111111116111111,1151,11.0111-
Ρ1111111 opum 1111 1511111111 11111111111111 111111 165, 111111 manufestum 111 upa 1111111111 1101111111, 695 55,
21 11111111111111111111111111111111111111111111,1111111,111111·

11111111111111101111 eppa 11111111, 5011, 85. 111111, 1111Ἥω11, inpudicitia 111111 autem 111111111οι111

1111111111 011111111111 1111111111 111, 1051, 5. Si spem patet, 850, ¹ ,1111111111 pecua 1111111111 11111, 1111
11111111, unu potest perpetpa 11111 1111111111, 1105, 11, r. 1111111111 (11111115, 111111111111111111, 1185, 15 Δ 111 1111
11111111. Ι 111111111111111111111 nop 111111, 1111111111 maneas 111111-

Parmam 111111111111111111,111111111111111111- 111111161115100111111111111,110,11 511111111111
11111 absolun, 1111111 11 1111111111 10111111111111111 111111 1111116111 1111111110011111, 1165, 51. eulpam incidisse,
refulserunt, 1511 , 21. 1111111111 111111111111111 11111 11111111 naturae est: 1111111111,11111111, 681 15. 111111111111111111·
1111111111,11111111111111111150158. 1111111111 1111 11111111, 1111 1111111 111 11111111 culpa> ‚

11111111 11111111111111 5111111111,500,1111111.;5511, 51 51118111111111110110110 111011611116111111111111
11 se .; 1058, 11. 6111111511110111111161111111, 1101, 50. 1111111 1111111111111111115 ,5101111111111111111 11111111
11111111111111111111,111111111111111111111111111111,ῶῇ 1111111111111111515,60. 1111111111 1111111111111111-
55. 111111Ρ11111111111111111 persequentem 11111111 11111111-Ι 1111111111, 11 11111111, 1111 1111111111.

11111,1111 1111111111 1111111111, 1511, 51. 11111111 11111111 1111οᾶ11111 11111 1111111111,111111110111, 1111161111,
11111111111111,116,15.111111111111111111111111111111 ι1111111111111,1 ,11111111111111111111111111111111
111,56551611111111111111111,1111111111111111111111 11,1)111.11111111 ,101,11; 1101111. 111111111111111111κ
sacramenta 1111111,1051,10.Ν111(11111111111,1111111 111111111068111111111111111511111 111,15.Ρ1111111111
1111111111 1111111111 ; quod 11111111 est , 11111 : 1111111111- 111111 1111 et 1111111111 11111111 1101119111 1111101011
1111111111,1111011111; 111111111111111, 11111111,11111 1111111111111111111111,6111111111111111111111111111,
suum 111, 11111195, 1111111111111111111, 11111 1111111111- 11116, 16. Si 11111 pacem 11111111111111111,1111111111111
1111111111 1111111, 1105 , ‚⁸- 0111111111 1111 1111111111, quae 1111101011, 810, .. Ρ1111111191111111111111111111111, 11
1111111111111111111111111111111 011, 11. 1111111111 61111111 1111 11 agere [1111111111 1111111111111 111111111111111111,
1111111111 rjus 1101111 511Π11Ἰ11111111 1111111111, 11 Ι1111111111 1153. Π· 11111111111111111111111111111111111111111-
111111111111111111111111, ,61.11111111111111111111111111111- 111111,1111111111,11111.611111111111111111111111111111,
1111111111111111111801, 5111111111111111-11111111111- 11111111 111111 11111,10115111111111111111111111,
111111111111111111111111111111111111111,1115110111 1111111111 1111111111’11,.110,51.’11111111111111111-
11111611, 111 1111111111 1111111111111 111 1111111111, promum 11 etiannum 1111111111,15511111111111111-
1111111111111101111111111 1115111110101111 1111111101
111111111111011111111111111ἳ591511ὴ Ι ο1111111111,11111111111111111111119111 111111, 1111111511

1111111111 1111111 est: possunt 11 01111, et 111111 1111 611- 1111111 1111111111 11111, 1111 11111111, 118, 11. 11111· mise.

11111, 1561, 55. Non 11111111 111111, uec 11111111111111111111 11111111 1111111111, 11111111 1111111111 111111111111111111
1151511111 111 ,11111111111661111111111111111111 11111111111111111111111111 511, ,111111 1111111ςί111
debet, 11111. 0111111111111111111111,1111111111158, De! 111, 11111 [1111111111 debet, 811, 15. V. 61111.

51. 111111, 11 1111111111111111111111 11111111 paupertas, 80, 11111111111111 1111111111 : 11 adesset, 111 111111111-
15.111111111111111111,11111111111111, 111110011111111, 151, 51. retur, 189, 11. 1111131011 11111 peccavimus, 11111111 11111111
11111111 1 11111111111111111, 11111111111111111111111111111111- 111111111111, 1111111 11110. 111111111111111 peccandi 11111-
1111111915111.1111111101111111111111111111111111111111, (1111,1111111111111111111111111111111111111111111 1111 ue
11106, 51. 81111111 [1111111111ουὶ patet 11111111, 1111111111 1111111111111111111111111111,(1111111111111,510,10.111111
1111111111111111111111111, 1111111111 1111110110 111111· 111111111111111111111111111111111111111111111111111111111-
111111151561. 11111111111111111111,11111, 115, 55. 1111118015. 611111111111111111111111111111111111111111,11111
11 paupertate 1111111011 tentamenta 1111111 1513651 1069, “mm Wluh 810, 57· 11011691011111111161111111111181
117 11 seq. Saepe 1111111 111111 11111111 1101111111,1111 1111111111111111115111111,511111111111111151
11111111111111111111111111,1155, 551 ⁸ ι 2⁸· 31111061111116111111111111111111 11111111111111111111

11111111ύί1111111111101110111111111111111011111111 15155. 1101111111 1111111111 1111111611111111111 11111111111111111-
Nemo 11111111 11111111111111111180610111111111111. 1111111,“109, 0.111111111111111111111ο11, 11111111111111-
Ι1111111ιό1111111161 1111111111 1111111111, 1013ιὶ1 16. ,11111111 111111111ἑῇ111ὲὲ 11111111111111111111, 1111 venantum 1111111-
11111111111111.1,11.1..111,11 ...1 ...1, 1.. ..1. 1., .. 1....
1111111111111111111, 1111 11111111111111 pauperum 1111111- 11111111111111, 1111111111111111111111 ejus, 6151581111
11111111,1811111111161111111. V. 1111111111. Deus 11111111 bona 11111111, 111 11 peccalorum occulta
1111111111111 11111711111111111111111111 σε11,1111150.11111111111111111111
(1511111551ιῇ 1111111) p p ’ q 111111111111111111111111111111111,111ι1(11111’1”11’111

Pax 1111 111111161111111111111111611,11 111111 11111 pon 11111 1111111111,111)11111111111 111111111111111111 1111,
habet ,1661,61111111111111111111111111, 11 1111111111111111 16, fo 11 up. 1111111111 quo 1111111111 occultior, eo 11111111-
11111111111111ς 1111111111111111, 11111111111111, 1111, 11. 11111111 1111111111, 1018, 15. Latro 1111111 refugit quasi
6111111111 dedit 11111111, qui 1111111111 111111 11111111. 188, 11. 11111111 1111111, lucem 11111111 1116111111111 adulterii
L'bi 11, 11 1111111111, 1111111111 11111111111111111111,1111 1111111111,11111111111111111111111111111111111 sugit, 218, 16.
111111·11,111;5,11.11 16 11111111111111111111111111111, 11111111 1111111111 1611111111 Deo inrumpat, 111 1111111111
1569, 1111111111111111111111111111, 1111, Ἠ, Rama· 1011111111 11011111 11111111111111311111111, 616, 22. 111111
11111111 paee ,11111111111111111111111111115161. longe 1111 111,111111111111[11111111111111111111

Pacem 111 1111111111 111111111111111111111111, 58168.11111116111111,1111111111111111111111111111,
15111. 11111111111111 0111111111111,11111111· 1111,11.11116111111111 1111111111111111111111111011111111,
11111111111116111111111111111111111,161,59.11111111,·1111111- 850511. 0111111111 1111111,111116111111.186,10,11111
11111111111111111111111311ὢ111111 1111111111111111111111111 1111111111111111111, 1.11111111111,898,55.111111-
511111111151111111111111,1111511111111111 151115551511,.11111111111ἶῗ111ἶ111“161
11111111111111111111111,1111,1151,18.Ρυ1111111111111111111111, [111111 1111111611ωο1 111111111111111 1111111115, ,,

11111111111111111111 11111111111111111111111111, . 1111111111ιώ 1111111111, 1111111111 11111111

 

