1111 11111 1111111111. 1111

111111111111111.111111. 1999 911.1111.’ 1999 911.’ XXX.
1111111111111,911111. 1991 911. 11111. 9991 91111111.
1913911111· 1111 91111111 X} 11· {IIII ’11
81111111111118111.Ι 1967 911. XXXIX. 9991 LIBER QUINTUS.
811111111111111,9111. 1999 91111. 9999 91111 111111.
8111100111199111111. 1991 911. XLI. 911. II.
Sermononus, I'IIeIII. 1191 9111111. 911. 111. 9111
811111111191111, sod. . 1199 91111111. 9999 911. IV. 9111
811111111111111,91111. 1118 911. XLIV. 911. V. 9171
Sermo duodecimus, Lamed. 1199 911111. 91111. 1111.
Sermodecimus tertius, 111111. 1179 911. XLVI. 9911 911. 111. 9119
{gmffggffidfflffigs’smh 1119 911 1111111111ιι SECUNDUS. 91135 911 1va 11111
· 81111111111111111111111,ι 1111. 1191 911. II. 9918 911. 1. 9111
111111111111111111111111, 11111119 911. III. 9919 911. XI. 9119
81111111111101111111.81111119 911. IV. 9919 9111111. 9117
81111111111111111111,11111. 1169 911. 1. 9911 911. 1111. 9111
3111111111111119111111. 1181 911. 11. 9911 911. 111. 1111.
8111111819111111111111,8111111.1199 911. 111. 91111 911. 11. 9111
8111111111111111111111119111.1111 911. 1111. Im. 911. XVI. 9111
ἀ11111111111111111,1111191111111111- 91111. 9911 gn. RH! {¹3}
111111111111111111 1111111111 111, 111. ἓξὲξ ἓῆζ 1113 111
1111111. Luffl' 1111 &X 1111. 1111 cti: {gi {IX}
11191ῗωὶ 191 1111111 11111 11111111. 1111
XXVII: 1111 1111111. 11111 111111· 1111
1111111. 1611 911. 11111. Ima. 911. XXVI. 9171
Liber VI. 1997 LIBER TERTIUS· Ι 911. XXVII. 9171
1111111111. 1699 91111 1111111. 111111. 91111119. 9171
’1111111111 1761 911. II. 9968 911. 1111. 9171
11111111. · 1791 911111. 9979 911, XXX. 9176
1111111. 1891 911. IV. 9979 911. XXXI. 9177
9911111111118 IN 91117191 911. 1. 9971 91111111. 91711
9191199191111111111 S. 1111111111. 911. VI. 91171 911. 111111. 9171
1911111111111111111111111111971111- 911. 111. 99711 911. XXXIV. 1111.
1111111111. 1111 1111111. 1111 1111111. 1111
Momm lectori. 1111. 911. IX. 9978 91111111. 9111
nemus. 11111. 911. X. 9979 9111111111. IIII.
CI 1111111111. 11111 911. 11. 11111. 911. XXXVIII. 9119
91111. 1971 911. 111. 9989 91111111. 9111
911111. 1891 91111111. 9981 911. 11.. Im.
911. IV. 1991Ι 911. XIV. 9999 911111. 9191
911. 1. 1917 911111. 11111. 911. XLII. 91111
911. 11. 1919 911. XVI. 9991 91111111. 9111
911. 111. 19111 911. 1111. 99811 91111111. 1111.
caym„ . 1911 911. XVIII. 9999 9111111. 9199
111111111111111 1111111111 111111 11111 9111111. 1111
11191991911911111999, 11111. 911. XXI. 9999 9111111111. 9196
Ρ1111911. [bid. 91111111. 9991 9111111. 1111.
LIBER PIIIIIUS. · 911. 11117. ma. 911. 1. 9197
9111111911. 1963 9111111. 9991 911. 11. 91911
911. II. 1966 911. XXV. 9996 911. 111. 9119
911. III. 11111. 91111111. Ι9997 1111. 1111. 11111.
911. IV. - 1111 LIBER QUARTUS. XIIXOEPIIXLAEOSIS IIIS'IOIIIAE 91
911. V. 11111. 91111 11111111. 9999 11911119 11111119 1119109011111-
911. 11. 1967 911. II. 9191 TAM.
911. VII. 1968 911. III. 9199 9111111111. 9991
9111111. 111111. 911. IV. 9191 91111. 71171.
911. IX 911. 1969 911. V. 9191 111. 111. 9916
911111. 1979 911. 11. Im. 91111111. 9991
911. 111. 1971 911. VII. · 9197 9111111111. 9911
911. XIII. 1979 911. 1111. 9199 911. VIII. 9199
911. XIV. 1971 91111. 9119 91111111. 91111
9111111. 1971 911. X. 9111 9111111111. 9911
911.111. 1971 91111. 9119 911. 1111111111, 9919
911. XVII. 1977 911. XII. 9111 911. XV. 9111
911. 11111. 1978 91111111. Ima. 911. XVI. 9911
911. XIX. 11111. 911. XIV. 111111. 9111111. 9911
911111. 1979 911. XV. 9111 91111111. 11111.
911. XXI. 1999 9111111· 9111 91111111. 1111.
911. XXII. 1981 911, 1111. 9118 91111. 2215
91111111. 1989 911. XVIII. 9117 911117. 9117
911. 111. 11111. 911. XIX. 9119 91111111. 1111.
911. XXV. 19111 911. XX. 11111. 911. XXIII. 99111
911. XXVI. 1981 9111111 9199 (1111111119111111111111111
911. XXVII. 19116 91111111. 11111. 1111111011111111110111111111111. 9919
911. XXVIII. 1111. 911. XXIII. 9191 9111191198 11111111111111111111111
911. XXIX. 191111 911. XXIV. 9199 mmm 11111111, In woe usnam
911. XXX. 1991 911. XXV. ‚ 11111. mr (11111 wa 11 noc mo com·
911. XXXI. 1991 911. XXVI. 9191 mm. 11171.
9111111111. 11111. 911. XXVII. 9191 [1911991911 ΕΤ 8111911111-
911. 111111. 1997 9111111111. · 9197 11911. 9997
9111111111. 1998 911. XXIX. 1111. ’
11111111 11111111111111111111. Η

It«

 

